00101111 00100000
00101001 00000111
10000001 00000000
00101001 00000111
10000001 00000000
00101001 00000001
10000001 00000000
00101001 00000010
10000001 00000000
00101010 00000000
00101001 00000000
01011000 01010000
01011000 10001100
00101100 00000001
00101101 00000000
11110000 11000011
10101101 10000000
11110000 11000010
10101110 00000001
10010110 11000000
01101011 01111010
01101011 01110111
00110000 00011000
01011000 10100001
01011000 00101110
11101001 00100001
11010000 00111100
00110100 00001011
11101010 01000001
11010000 01011100
00110100 00001010
00101011 00000000
11000100 01111111
10010100 10000000
10010100 10000000
10010100 10000000
10010100 10000000
10001100 01111111
11101011 01100001
00111100 00100000
00001001 00000110
00001010 00000110
11010010 01000100
11110000 01000010
00111000 00001001
00100000 00101001
11011001 00100100
11011001 00100100
11011010 01001000
11011010 01001000
11011101 01000000
11011100 00100000
11101101 10100100
11101100 10000100
00101110 11111111
00011011 11000000
00001011 00000000
00010011 00001011
00010011 00001100
00010011 00001101
00010010 00001111
11110001 10000100
00101110 10000000
11011110 00111000
00010110 00001110
11101001 00100001
11010000 00110000
00110100 00111110
11101010 01000001
11010000 01010100
00110100 00111100
11110100 10000100
11110101 10100100
11011001 10000000
11011010 10100000
10010001 00100000
10010001 00100000
10010010 01000000
10010010 01000000
01100000 00000000
00101110 00000000
11110001 00100001
11110010 01000001
11010000 11100100
00111100 01011001
11010000 11101000
00111100 01011001
01011000 10001100
11011110 11001100
11101001 00100001
11010000 11100100
00111100 01100000
11010000 11101000
00111100 01100000
01011000 10001100
11011110 11001100
11101001 00100001
11010000 11100100
00111100 01100111
11010000 11101000
00111100 01100111
01011000 10001100
11011110 11001100
11101010 01000001
11010000 11100100
00111100 01101110
11010000 11101000
00111100 01101110
01011000 10001100
11011110 11001100
11101010 01000001
11010000 11100100
00111100 01110101
11010000 11101000
00111100 01110101
01011000 10001100
11011110 11001100
11110001 00100001
11010000 11100100
00111100 01111100
11010000 11101000
00111100 01111100
01011000 10001100
11011110 11001100
11110001 00100001
11010000 11100100
00111100 10000011
11010000 11101000
00111100 10000011
01011000 10001100
11011110 11001100
11110010 01000001
11010000 11100100
00111100 10001010
11010000 11101000
00111100 10001010
01011000 10001100
11011110 11001100
11101001 00100001
01100000 00000000
11011011 01001000
11011011 01101100
11011011 01101100
10010100 00100000
10010100 10000000
11011011 01110000
00101100 00000011
01101101 00110010
00101100 00000001
10010101 10100000
00111100 10011000
11011100 10010000
10010101 10100000
00111100 10011100
11011100 10010000
11011100 10010000
00101101 00000001
11000011 01111111
01101011 01110010
10101011 10100001
01100000 00000000
11011110 01001000
11011110 11011000
11011110 11011000
10010100 00100000
10010100 10000000
11011110 11010000
00101100 00000011
01101101 00110010
00101100 00000001
10010101 10100000
00111100 10101101
11011100 10010000
10010101 10100000
00111100 10110001
11011100 10010000
11011100 10010000
11011100 10010000
11011100 10010000
11011100 10010000
11011100 10010000
11000101 11011111
01101101 10110011
10001101 11011111
01100000 00000000
