00001001 00100001
00110000 00011111
11000010 00100000
00110100 00000000
00101010 00000001
10001010 00100000
11110000 00101000
00110000 00010100
11110000 00101101
00110000 00011011
11110000 00111011
00110000 00011110
00101111 00100000
11010000 00111100
00111100 00000000
00101111 01111111
11010000 00111100
00111000 00000000
00010001 00100000
00100000 00000000
00101010 00001000
00010010 00100000
00101010 00100000
00010010 00100000
00101010 00001000
00010010 00100000
00100000 00000000
00101010 00001010
00010010 00100000
00100000 00000000
11111000 00000000
00101111 00000000
10001000 11111111
11101111 11100001
00111000 00000000
00100000 00100000
